0   0 0 0 0 0 0 0 0 0 0
1   1 0 0 0 0 0 0 0 0 1
2   0 1 0 0 0 0 0 0 0 1
3   2 1 0 0 0 0 0 0 0 2
4   1 2 0 0 0 0 0 0 0 2
5   1 0 2 0 0 0 0 0 0 2
6   1 1 2 0 0 0 0 0 0 3
7   1 2 1 0 0 0 0 0 0 3
8   2 1 0 1 0 0 0 0 0 3
9   0 1 0 2 0 0 0 0 0 2
10   1 1 0 2 0 0 0 0 0 3
11   2 0 1 1 0 0 0 0 0 3
12   1 2 0 0 0 1 0 0 0 3
13   2 2 1 1 0 0 0 0 0 4
14   0 1 0 0 0 0 2 0 0 2
15   1 1 0 0 0 0 2 0 0 3
16   0 1 2 1 0 0 0 0 0 3
17   2 1 2 1 0 0 0 0 0 4
18   1 1 0 2 0 0 2 0 0 4
19   1 0 0 0 0 2 0 0 0 2
20   1 0 1 2 0 0 0 0 0 3
21   1 1 0 0 0 2 0 0 0 3
22   1 1 2 0 0 2 0 0 0 4
23   1 2 1 2 0 0 0 0 0 4
24   1 1 2 2 0 0 0 0 0 4
25   0 0 0 0 1 0 0 0 0 1
26   2 0 0 0 1 0 0 0 0 2
27   2 1 0 0 1 0 0 0 0 3
28   0 2 0 0 1 0 0 0 0 2
29   1 2 0 0 1 0 0 0 0 3
30   1 0 2 0 1 0 0 0 0 3
31   1 2 2 0 1 0 0 0 0 4
32   2 1 2 0 1 0 0 0 0 4
33   0 1 0 2 1 0 0 0 0 3
34   2 1 0 2 1 0 0 0 0 4
35   2 2 1 1 1 0 0 0 0 5
36   0 1 0 0 1 0 2 0 0 3
37   2 1 0 0 1 0 2 0 0 4
38   2 1 2 1 1 0 0 0 0 5
39   0 1 0 2 1 0 2 0 0 4
40   1 1 0 2 1 0 2 0 0 5
41   1 2 0 2 1 0 0 0 0 4
42   1 0 0 0 1 2 0 0 0 3
43   1 0 2 0 1 2 0 0 0 4
44   1 1 2 0 1 2 0 0 0 5
45   1 2 0 0 1 2 0 0 0 4
46   1 2 1 2 1 0 0 0 0 5
47   1 0 2 2 1 0 0 0 0 4
48   2 1 0 0 1 2 0 0 0 4
49   1 1 2 2 1 0 0 0 0 5
50   1 0 0 0 2 0 0 0 0 2
51   0 1 0 0 2 0 0 0 0 2
52   1 1 0 0 2 0 0 0 0 3
53   1 0 1 0 2 0 0 0 0 3
54   1 1 2 0 2 0 0 0 0 4
55   1 2 1 0 2 0 0 0 0 4
56   0 1 0 1 2 0 0 0 0 3
57   2 1 0 1 2 0 0 0 0 4
58   1 1 0 2 2 0 0 0 0 4
59   1 0 0 0 2 1 0 0 0 3
60   2 0 1 1 2 0 0 0 0 4
61   2 1 1 1 2 0 0 0 0 5
62   1 2 0 0 2 1 0 0 0 4
63   1 2 1 1 2 0 0 0 0 5
64   1 1 0 0 2 0 2 0 0 4
65   0 1 2 1 2 0 0 0 0 4
66   1 1 2 1 2 0 0 0 0 5
67   1 0 1 2 2 0 0 0 0 4
68   1 1 0 0 2 2 0 0 0 4
69   1 1 1 2 2 0 0 0 0 5
70   2 1 0 0 0 0 0 1 0 3
71   0 2 0 1 0 1 0 0 0 3
72   2 2 0 1 0 1 0 0 0 4
73   1 2 2 1 0 1 0 0 0 5
74   2 0 2 1 0 1 0 0 0 4
75   2 1 2 1 0 1 0 0 0 5
76   0 1 0 0 0 0 0 2 0 2
77   1 0 0 2 0 1 0 0 0 3
78   0 1 0 1 0 2 0 0 0 3
79   0 1 2 1 0 2 0 0 0 4
80   1 2 0 2 0 1 0 0 0 4
81   1 1 0 0 0 0 0 2 0 3
82   1 1 0 0 0 0 2 2 0 4
83   1 1 2 1 0 2 0 0 0 5
84   1 1 0 2 0 0 0 2 0 4
85   1 2 1 1 0 2 0 0 0 5
86   2 0 1 1 0 2 0 0 0 4
87   2 1 0 1 0 2 0 0 0 4
88   2 1 1 1 0 2 0 0 0 5
89   2 2 0 1 1 1 0 0 0 5
90   2 0 2 1 1 1 0 0 0 5
91   0 1 0 0 1 0 0 2 0 3
92   0 1 0 0 1 0 2 2 0 4
93   0 1 2 1 1 2 0 0 0 5
94   0 1 0 2 1 0 0 2 0 4
95   1 2 0 2 1 1 0 0 0 5
96   1 1 0 0 1 0 2 2 0 5
97   1 1 0 2 1 0 0 2 0 5
98   1 1 0 2 1 0 2 2 0 6
99   2 1 0 0 1 0 0 2 0 4
100   2 0 1 1 1 2 0 0 0 5
101   2 1 0 1 1 2 0 0 0 5
102   2 1 2 1 1 2 0 0 0 6
103   2 2 1 1 1 2 0 0 0 6
104   0 1 0 0 2 0 0 1 0 3
105   2 1 0 0 2 0 0 1 0 4
106   2 1 0 1 2 1 0 0 0 5
107   0 2 0 1 2 1 0 0 0 4
108   1 2 0 1 2 1 0 0 0 5
109   1 0 2 1 2 1 0 0 0 5
110   1 2 2 1 2 1 0 0 0 6
111   2 1 2 1 2 1 0 0 0 6
112   1 0 0 2 2 1 0 0 0 4
113   0 1 0 1 2 2 0 0 0 4
114   1 1 0 2 2 1 0 0 0 5
115   1 1 0 0 2 0 0 2 0 4
116   1 0 1 1 2 2 0 0 0 5
117   1 1 0 1 2 2 0 0 0 5
118   1 1 2 1 2 2 0 0 0 6
119   1 2 1 1 2 2 0 0 0 6
120   2 1 1 1 2 2 0 0 0 6
121   1 1 0 2 0 2 0 0 0 4
122   1 0 1 2 0 2 0 0 0 4
123   1 1 1 2 0 2 0 0 0 5
124   1 2 0 0 1 0 0 2 0 4
125   0 1 0 2 1 2 0 0 0 4
126   1 1 0 2 1 2 0 0 0 5
127   1 0 1 2 1 2 0 0 0 5
128   1 1 2 2 1 2 0 0 0 6
129   1 2 1 2 1 2 0 0 0 6
130   2 0 1 0 0 0 1 0 0 3
131   1 2 0 0 0 0 0 0 1 3
132   2 2 1 0 0 0 1 0 0 4
133   1 0 0 0 0 0 0 0 2 2
134   1 0 1 0 0 0 2 0 0 3
135   0 0 1 1 0 0 2 0 0 3
136   2 0 1 1 0 0 2 0 0 4
137   1 0 1 2 0 0 2 0 0 4
138   2 1 1 2 0 0 1 0 0 5
139   1 1 0 0 0 0 0 0 2 3
140   1 1 2 0 0 0 0 0 2 4
141   2 1 1 1 0 0 2 0 0 5
142   1 1 0 0 0 2 0 0 2 4
143   1 1 1 2 0 0 2 0 0 5
144   0 2 1 2 0 0 1 0 0 4
145   1 2 1 2 0 0 1 0 0 5
146   1 2 1 0 0 0 2 0 0 4
147   0 2 1 1 0 0 2 0 0 4
148   1 2 1 1 0 0 2 0 0 5
149   2 2 1 0 1 0 1 0 0 5
150   1 0 0 0 1 0 0 0 2 3
151   1 0 2 0 1 0 0 0 2 4
152   2 0 1 1 1 0 2 0 0 5
153   1 0 0 0 1 2 0 0 2 4
154   1 0 1 2 1 0 2 0 0 5
155   1 1 2 0 1 0 0 0 2 5
156   1 1 0 0 1 2 0 0 2 5
157   1 1 2 0 1 2 0 0 2 6
158   0 2 1 2 1 0 1 0 0 5
159   1 2 0 0 1 0 0 0 2 4
160   1 2 1 0 1 0 2 0 0 5
161   0 2 1 1 1 0 2 0 0 5
162   2 2 1 1 1 0 2 0 0 6
163   1 2 1 2 1 0 2 0 0 6
164   1 0 0 0 2 0 0 0 1 3
165   2 0 1 0 2 0 1 0 0 4
166   2 1 1 0 2 0 1 0 0 5
167   1 2 0 0 2 0 0 0 1 4
168   1 2 1 0 2 0 1 0 0 5
169   1 0 1 0 2 0 2 0 0 4
170   0 0 1 1 2 0 2 0 0 4
171   1 0 1 1 2 0 2 0 0 5
172   0 1 1 2 2 0 1 0 0 5
173   2 1 1 2 2 0 1 0 0 6
174   1 1 0 0 2 0 0 0 2 4
175   1 1 1 0 2 0 2 0 0 5
176   0 1 1 1 2 0 2 0 0 5
177   2 1 1 1 2 0 2 0 0 6
178   1 2 1 2 2 0 1 0 0 6
179   1 2 1 1 2 0 2 0 0 6
180   1 0 0 0 0 1 2 0 0 3
181   1 0 0 0 0 1 0 2 0 3
182   1 0 0 0 0 1 2 2 0 4
183   1 1 0 2 0 0 2 0 1 5
184   1 0 0 0 0 1 2 0 2 4
185   2 1 2 1 0 0 0 0 1 5
186   0 0 1 1 0 0 2 2 0 4
187   1 0 1 2 0 0 2 1 0 5
188   1 1 2 0 0 2 0 1 0 5
189   1 1 2 0 0 0 0 1 2 5
190   1 1 0 0 0 2 0 1 2 5
191   1 1 2 0 0 2 0 1 2 6
192   1 0 0 2 0 1 2 0 0 4
193   2 2 1 1 0 0 0 1 0 5
194   1 0 0 2 0 1 0 2 0 4
195   1 2 1 2 0 0 0 1 0 5
196   1 1 0 0 0 0 2 2 1 5
197   1 1 0 2 0 0 0 2 1 5
198   1 1 0 2 0 0 2 2 1 6
199   1 0 0 2 0 1 0 0 2 4
200   1 2 1 0 0 0 2 1 0 5
201   2 1 0 1 0 2 0 0 1 5
202   2 1 2 2 0 1 1 0 0 6
203   1 2 1 2 0 0 2 1 0 6
204   1 0 0 0 1 1 2 2 0 5
205   1 0 0 0 1 1 2 0 2 5
206   0 0 1 1 1 0 2 2 0 5
207   1 0 0 0 1 1 2 2 2 6
208   1 0 0 2 1 1 2 0 0 5
209   1 0 0 2 1 1 0 2 0 5
210   1 0 0 2 1 1 2 2 0 6
211   1 1 0 2 1 0 2 2 1 7
212   1 0 0 2 1 1 0 0 2 5
213   1 0 0 2 1 1 2 0 2 6
214   2 1 2 2 1 1 1 0 0 7
215   1 0 0 2 1 1 0 2 2 6
216   1 2 1 2 1 0 2 1 0 7
217   1 0 0 0 2 1 2 0 0 4
218   2 1 0 0 2 1 1 0 0 5
219   1 0 0 0 2 1 0 2 0 4
220   1 0 1 2 2 0 0 1 0 5
221   1 1 0 0 2 0 2 0 1 5
222   1 1 0 2 2 0 0 0 1 5
223   1 1 0 2 2 0 2 0 1 6
224   1 0 1 0 2 0 2 1 0 5
225   2 1 0 1 2 0 0 0 1 5
226   2 1 2 1 2 0 0 0 1 6
227   1 0 1 2 2 0 2 1 0 6
228   1 1 2 0 2 0 0 1 0 5
229   1 1 0 0 2 2 0 1 0 5
230   1 1 2 0 2 2 0 1 0 6
231   2 2 1 1 2 1 1 0 0 7
232   1 1 0 0 2 0 0 1 2 5
233   1 1 2 0 2 0 0 1 2 6
234   2 1 1 1 2 0 2 1 0 7
235   1 1 0 0 2 2 0 1 2 6
236   1 1 1 2 2 0 2 1 0 7
237   1 2 1 0 2 0 0 1 0 5
238   1 2 0 0 2 1 0 1 0 5
239   2 2 1 1 2 0 0 1 0 6
240   1 2 1 2 2 0 0 1 0 6
241   1 1 0 0 2 0 0 2 1 5
242   1 1 0 0 2 0 2 2 1 6
243   1 1 2 1 2 2 0 0 1 7
244   1 1 0 2 2 0 0 2 1 6
245   1 2 1 2 2 1 1 0 0 7
246   1 2 1 0 2 0 2 1 0 6
247   2 1 0 1 2 2 0 0 1 6
248   1 1 2 2 2 1 1 0 0 7
249   1 0 1 0 0 0 0 2 0 3
250   2 0 1 1 0 0 0 2 0 4
251   1 0 1 2 0 0 0 2 0 4
252   2 0 1 0 0 2 1 0 0 4
253   2 1 1 0 0 2 1 0 0 5
254   1 2 0 2 0 0 0 0 1 4
255   1 2 1 0 0 2 1 0 0 5
256   1 0 1 0 0 0 2 2 0 4
257   1 0 1 1 0 0 2 2 0 5
258   1 1 2 0 0 0 0 2 0 4
259   2 1 1 1 0 0 0 2 0 5
260   1 1 0 0 0 2 0 2 0 4
261   1 1 1 2 0 0 0 2 0 5
262   2 1 1 0 0 0 1 2 0 5
263   0 1 1 2 0 0 1 2 0 5
264   2 1 1 2 0 0 1 2 0 6
265   1 1 0 0 0 0 0 2 2 4
266   1 1 1 0 0 0 2 2 0 5
267   0 1 1 1 0 0 2 2 0 5
268   2 1 1 1 0 0 2 2 0 6
269   1 2 1 0 0 0 0 2 0 4
270   1 2 0 0 0 1 0 2 0 4
271   1 2 1 1 0 0 0 2 0 5
272   1 2 0 0 0 0 0 2 1 4
273   1 2 1 0 0 0 1 2 0 5
274   1 1 0 2 0 2 0 0 1 5
275   2 1 1 2 0 2 1 0 0 6
276   1 2 1 2 0 2 1 0 0 6
277   1 2 1 1 0 0 2 2 0 6
278   1 0 2 0 1 0 0 2 0 4
279   2 0 1 1 1 0 0 2 0 5
280   1 0 0 0 1 2 0 2 0 4
281   1 0 1 2 1 0 0 2 0 5
282   2 0 1 0 1 2 1 0 0 5
283   1 2 0 2 1 0 0 0 1 5
284   1 0 1 0 1 0 2 2 0 5
285   2 0 1 1 1 0 2 2 0 6
286   1 0 1 2 1 0 2 2 0 6
287   1 1 2 0 1 0 0 2 0 5
288   1 1 0 0 1 2 0 2 0 5
289   1 1 2 0 1 2 0 2 0 6
290   2 1 1 2 1 0 1 2 0 7
291   1 1 0 0 1 0 0 2 2 5
292   1 1 2 0 1 0 0 2 2 6
293   2 1 1 1 1 0 2 2 0 7
294   1 1 0 0 1 2 0 2 2 6
295   1 1 1 2 1 0 2 2 0 7
296   1 2 1 0 1 0 0 2 0 5
297   1 2 0 0 1 1 0 2 0 5
298   2 2 1 1 1 0 0 2 0 6
299   1 2 1 2 1 0 0 2 0 6
300   1 2 0 0 1 0 0 2 1 5
301   2 1 1 2 1 2 1 0 0 7
302   1 2 1 2 1 2 1 0 0 7
303   1 2 1 0 1 0 2 2 0 6
304   0 2 1 1 1 0 2 2 0 6
305   1 2 1 1 1 0 2 2 0 7
306   1 0 1 0 2 0 0 2 0 4
307   1 0 1 1 2 0 0 2 0 5
308   1 0 1 0 2 2 1 0 0 5
309   2 1 1 0 2 2 1 0 0 6
310   1 2 1 0 2 2 1 0 0 6
311   1 0 1 1 2 0 2 2 0 6
312   1 1 1 0 2 0 0 2 0 5
313   1 1 0 0 2 1 0 2 0 5
314   2 1 1 1 2 0 0 2 0 6
315   2 1 1 0 2 0 1 2 0 6
316   2 1 1 1 2 2 1 0 0 7
317   0 1 1 2 2 0 1 2 0 6
318   1 1 1 2 2 0 1 2 0 7
319   0 1 1 1 2 0 2 2 0 6
320   1 1 1 1 2 0 2 2 0 7
321   1 2 1 1 2 0 0 2 0 6
322   1 2 1 0 2 0 1 2 0 6
323   1 1 0 2 2 2 0 0 1 6
324   1 1 2 0 0 0 2 0 0 4
325   0 1 2 1 0 0 2 0 0 4
326   1 1 2 1 0 0 2 0 0 5
327   1 0 2 0 1 0 2 0 0 4
328   2 1 0 0 1 0 0 0 2 4
329   1 1 2 0 1 0 2 0 0 5
330   0 1 2 1 1 0 2 0 0 5
331   2 1 2 1 1 0 2 0 0 6
332   1 1 2 2 1 0 2 0 0 6
333   1 1 2 1 2 0 2 0 0 6
334   0 1 0 1 0 0 0 0 2 3
335   0 1 2 1 0 0 0 0 2 4
336   1 2 0 0 0 1 2 0 0 4
337   1 1 0 0 0 0 2 0 2 4
338   1 1 2 1 0 0 0 0 2 5
339   1 1 0 2 0 0 0 0 2 4
340   1 2 1 1 0 0 0 0 2 5
341   2 0 1 1 0 0 0 0 2 4
342   2 1 0 1 0 0 0 0 2 4
343   2 1 1 1 0 0 0 0 2 5
344   2 1 2 0 0 0 0 1 0 4
345   2 1 0 1 0 1 2 0 0 5
346   2 1 0 0 0 2 0 1 0 4
347   1 1 2 2 0 0 0 1 0 5
348   1 0 2 1 0 1 0 0 2 5
349   1 2 0 1 0 1 0 0 2 5
350   1 2 2 1 0 1 0 0 2 6
351   2 1 0 0 0 0 0 1 2 4
352   1 1 2 0 0 0 2 1 0 5
353   2 1 0 1 0 1 0 0 2 5
354   2 1 2 1 0 1 2 0 0 6
355   1 2 2 1 0 1 2 0 0 6
356   0 1 0 1 0 2 0 0 2 4
357   1 1 0 2 0 1 2 0 0 5
358   1 0 1 1 0 2 0 0 2 5
359   1 1 0 1 0 2 0 0 2 5
360   1 1 2 1 0 2 0 0 2 6
361   1 2 1 1 0 2 0 0 2 6
362   1 1 2 2 0 1 2 0 0 6
363   0 1 0 0 1 0 2 0 2 4
364   0 1 2 1 1 0 0 0 2 5
365   0 1 0 2 1 0 0 0 2 4
366   1 2 0 0 1 1 2 0 0 5
367   1 1 0 0 1 0 2 0 2 5
368   1 1 0 2 1 0 0 0 2 5
369   1 1 0 2 1 0 2 0 2 6
370   2 0 1 1 1 0 0 0 2 5
371   2 1 0 1 1 0 0 0 2 5
372   2 1 2 1 1 0 0 0 2 6
373   2 2 1 1 1 0 0 0 2 6
374   2 1 2 0 1 0 0 1 0 5
375   2 1 0 0 1 2 0 1 0 5
376   1 2 2 1 1 1 0 0 2 7
377   2 1 0 0 1 0 0 1 2 5
378   2 1 2 1 1 1 2 0 0 7
379   1 2 2 1 1 1 2 0 0 7
380   0 1 0 1 1 2 0 0 2 5
381   0 1 2 1 1 2 0 0 2 6
382   1 2 0 2 1 1 2 0 0 6
383   1 1 0 0 1 0 2 2 2 6
384   1 1 0 2 1 0 0 2 2 6
385   1 2 1 1 1 2 0 0 2 7
386   1 0 2 2 1 1 2 0 0 6
387   2 1 0 1 1 2 0 0 2 6
388   1 1 2 2 1 1 2 0 0 7
389   0 1 0 1 2 0 0 0 2 4
390   1 1 0 0 2 1 2 0 0 5
391   1 0 1 1 2 0 0 0 2 5
392   1 1 0 1 2 0 0 0 2 5
393   1 1 2 1 2 0 0 0 2 6
394   1 2 1 1 2 0 0 0 2 6
395   2 1 1 1 2 0 0 0 2 6
396   0 1 0 1 2 1 2 0 0 5
397   2 1 0 1 2 1 2 0 0 6
398   1 1 2 2 2 0 0 1 0 6
399   1 0 2 1 2 1 0 0 2 6
400   1 1 2 1 2 1 0 0 2 7
401   1 2 0 1 2 1 0 0 2 6
402   1 2 1 1 2 1 2 0 0 7
403   1 1 2 0 2 0 2 1 0 6
404   2 1 0 1 2 1 0 0 2 6
405   1 1 0 2 2 1 2 0 0 6
406   1 0 1 1 2 2 0 0 2 6
407   1 1 0 1 2 2 0 0 2 6
408   1 1 1 1 2 2 0 0 2 7
409   1 1 0 0 0 2 2 0 0 4
410   1 0 1 2 0 0 0 0 2 4
411   1 1 1 2 0 0 0 0 2 5
412   0 1 2 1 0 0 0 2 0 4
413   1 1 2 1 0 0 0 2 0 5
414   1 0 1 1 0 2 2 0 0 5
415   1 1 0 2 0 1 0 0 2 5
416   2 1 1 1 0 2 2 0 0 6
417   1 2 1 1 0 2 2 0 0 6
418   1 1 2 1 0 2 2 0 0 6
419   1 1 0 0 1 2 2 0 0 5
420   1 0 1 2 1 0 0 0 2 5
421   1 1 2 2 1 0 0 0 2 6
422   1 2 1 2 1 0 0 0 2 6
423   1 1 2 0 1 2 2 0 0 6
424   0 1 2 1 1 0 0 2 0 5
425   2 1 2 1 1 0 0 2 0 6
426   1 1 2 2 1 0 0 2 0 6
427   2 0 1 1 1 2 2 0 0 6
428   2 1 1 1 1 2 2 0 0 7
429   1 2 0 2 1 1 0 0 2 6
430   1 2 1 1 1 2 2 0 0 7
431   1 1 2 0 1 0 2 2 0 6
432   0 1 2 1 1 2 2 0 0 6
433   1 1 2 1 1 2 2 0 0 7
434   1 1 0 2 1 2 2 0 0 6
435   1 0 1 2 1 2 2 0 0 6
436   1 1 0 2 1 2 0 0 2 6
437   1 1 1 2 1 2 2 0 0 7
438   1 1 2 1 2 0 0 2 0 6
439   1 0 1 1 2 2 2 0 0 6
440   1 1 0 2 2 1 0 0 2 6
441   1 1 1 1 2 2 2 0 0 7
442   0 1 0 1 0 1 2 2 0 5
443   0 1 0 1 0 1 2 0 2 5
444   0 1 0 1 0 1 2 2 2 6
445   0 1 0 1 0 2 0 2 0 4
446   1 2 0 2 0 1 0 1 0 5
447   1 1 0 0 0 1 2 2 0 5
448   1 1 0 2 0 1 0 2 0 5
449   1 1 0 2 0 1 2 2 0 6
450   2 0 1 1 0 2 0 1 0 5
451   2 1 0 1 0 1 0 2 0 5
452   2 1 0 1 0 1 2 2 0 6
453   2 2 1 1 0 2 0 1 0 6
454   0 1 0 1 1 2 0 2 0 5
455   0 1 0 1 1 2 0 2 2 6
456   1 1 0 2 1 1 2 2 0 7
457   0 1 2 1 1 0 0 2 2 6
458   2 1 0 1 1 1 2 2 0 7
459   0 1 2 1 1 2 0 2 0 6
460   2 2 1 1 1 2 0 1 0 7
461   0 1 0 1 2 1 0 2 0 5
462   0 1 0 1 2 1 2 2 0 6
463   1 1 0 2 2 1 2 1 0 7
464   0 1 0 1 2 1 2 0 2 6
465   2 1 2 1 2 1 0 1 0 7
466   1 2 0 2 2 1 0 1 0 6
467   1 1 0 0 2 1 2 2 0 6
468   1 1 0 1 2 1 2 2 0 7
469   1 1 0 2 2 1 0 2 0 6
470   1 2 1 1 2 2 0 1 0 7
471   2 0 1 1 2 2 0 1 0 6
472   2 1 0 1 2 1 0 2 0 6
473   2 1 1 1 2 2 0 1 0 7
474   0 2 0 1 0 1 0 2 0 4
475   1 2 0 1 0 1 0 2 0 5
476   1 0 1 2 0 2 0 1 0 5
477   1 1 2 2 0 2 0 1 0 6
478   1 2 1 2 0 2 0 1 0 6
479   0 2 0 1 1 1 0 2 0 5
480   1 2 0 2 1 1 0 2 0 6
481   1 2 0 0 1 1 2 2 0 6
482   1 1 2 2 1 2 0 1 0 7
483   1 2 1 2 1 2 0 1 0 7
484   1 2 0 1 2 1 0 2 0 6
485   1 0 1 2 2 2 0 1 0 6
486   1 1 0 0 0 1 2 0 2 5
487   1 1 0 0 0 1 2 2 2 6
488   0 1 1 1 0 2 1 2 2 7
489   1 1 0 2 0 1 2 0 2 6
490   1 1 0 2 0 1 2 1 2 7
491   1 1 0 2 0 1 0 2 2 6
492   1 2 1 1 0 2 0 1 2 7
493   1 1 0 2 1 1 2 0 2 7
494   1 1 0 2 1 1 0 2 2 7
495   1 1 0 2 1 1 2 2 2 8
496   0 1 1 1 2 2 1 0 2 7
497   1 1 0 0 2 1 2 0 2 6
498   1 1 0 0 2 1 2 1 2 7
499   1 0 1 1 2 2 0 1 2 7
500   1 1 0 1 2 1 2 0 2 7
501   1 1 0 1 2 1 0 2 2 7
502   1 1 0 1 2 1 2 2 2 8
503   0 1 1 1 2 2 1 2 0 7
504   0 1 1 1 2 2 1 2 2 8
505   1 2 1 1 2 0 0 1 2 7
506   1 1 0 2 2 1 0 1 2 7
507   1 1 0 2 2 1 2 1 2 8
508   1 2 1 1 2 2 0 1 2 8
509   1 0 2 1 0 1 0 2 0 5
510   1 0 1 1 0 2 0 2 0 5
511   1 1 0 0 0 2 2 0 1 5
512   1 1 0 0 0 2 2 2 1 6
513   1 0 1 1 0 0 0 2 2 5
514   1 0 2 1 0 1 0 2 2 6
515   1 0 1 1 0 2 0 2 2 6
516   1 1 0 1 0 2 0 2 0 5
517   1 1 2 1 0 2 0 2 0 6
518   1 1 2 1 0 2 0 2 1 7
519   1 1 2 1 0 0 0 2 2 6
520   1 1 2 1 0 1 0 2 2 7
521   1 1 0 1 0 2 0 2 2 6
522   1 1 1 1 0 2 0 2 2 7
523   1 2 2 1 0 1 0 2 0 6
524   1 2 1 1 0 2 0 2 0 6
525   1 1 0 2 0 2 2 0 1 6
526   2 2 1 1 0 1 1 2 0 7
527   1 1 0 2 0 2 0 2 1 6
528   1 2 1 2 0 1 1 2 0 7
529   1 2 1 1 0 0 0 2 2 6
530   1 2 0 1 0 1 0 2 2 6
531   1 2 1 1 0 1 2 2 0 7
532   1 1 0 0 1 2 2 2 0 6
533   1 1 0 0 1 2 2 2 1 7
534   1 1 0 0 1 2 2 0 2 6
535   1 0 2 1 1 1 0 2 2 7
536   1 0 1 1 1 2 0 2 2 7
537   1 1 2 1 1 2 0 2 0 7
538   1 1 2 1 1 0 0 2 2 7
539   1 1 0 1 1 2 0 2 2 7
540   1 1 2 1 1 2 0 2 2 8
541   1 2 2 1 1 1 0 2 0 7
542   1 1 0 2 1 2 0 2 0 6
543   1 2 1 1 1 2 0 2 0 7
544   1 1 0 2 1 2 2 0 1 7
545   1 1 0 2 1 2 0 2 1 7
546   1 2 1 1 1 0 0 2 2 7
547   1 2 0 1 1 1 0 2 2 7
548   1 2 1 1 1 2 0 2 2 8
549   1 0 2 1 2 1 0 2 0 6
550   1 0 1 1 2 2 0 2 0 6
551   1 1 0 0 2 2 2 0 1 6
552   2 1 1 0 2 2 1 1 0 7
553   1 0 1 2 2 1 1 2 0 7
554   1 0 1 1 2 0 0 2 2 6
555   1 0 1 1 2 1 2 2 0 7
556   1 1 2 1 2 1 0 2 0 7
557   1 1 0 1 2 2 0 2 0 6
558   1 1 1 1 2 2 0 2 0 7
559   1 1 2 1 2 0 0 2 1 7
560   1 1 0 1 2 2 0 2 1 7
561   1 1 2 1 2 2 0 2 1 8
562   1 1 1 1 2 0 0 2 2 7
563   1 1 2 1 2 1 0 2 2 8
564   2 2 1 1 2 1 1 2 0 8
565   1 2 1 2 2 1 1 2 0 8
566   1 2 1 1 2 1 2 2 0 8
567   2 1 0 0 0 1 1 0 2 5
568   2 1 0 1 0 1 2 0 2 6
569   2 2 1 1 0 0 0 1 2 6
570   2 1 2 1 0 1 2 1 0 7
571   2 1 0 1 0 1 0 2 2 6
572   1 1 2 2 0 1 2 1 0 7
573   0 1 2 1 1 0 2 0 2 6
574   2 1 0 1 1 1 2 0 2 7
575   2 2 1 1 1 0 0 1 2 7
576   2 1 0 1 1 1 0 2 2 7
577   1 2 2 2 1 1 2 1 0 8
578   2 1 0 0 2 1 1 0 2 6
579   2 1 2 1 2 1 2 1 0 8
580   1 1 2 2 2 1 2 1 0 8
581   1 0 1 2 0 0 0 1 2 5
582   1 1 2 2 0 0 0 1 2 6
583   1 2 1 2 0 0 0 1 2 6
584   1 1 2 0 0 2 2 1 0 6
585   2 1 2 1 0 1 0 2 0 6
586   2 1 1 1 0 2 0 2 0 6
587   2 1 2 1 0 0 0 2 1 6
588   2 1 1 1 0 2 2 1 0 7
589   2 1 0 1 0 2 0 2 1 6
590   1 2 1 1 0 2 2 1 0 7
591   2 1 1 1 0 0 0 2 2 6
592   1 1 2 1 0 1 2 2 0 7
593   1 0 1 2 0 2 2 1 0 6
594   1 1 1 2 0 2 2 1 0 7
595   2 0 1 1 1 2 0 2 0 6
596   1 2 0 0 1 1 2 0 2 6
597   1 1 2 2 1 0 0 1 2 7
598   1 2 1 2 1 0 0 1 2 7
599   2 0 1 1 1 0 0 2 2 6
600   1 1 2 0 1 2 2 1 0 7
601   2 1 2 1 1 1 0 2 0 7
602   2 1 0 1 1 2 0 2 0 6
603   2 1 1 1 1 2 0 2 0 7
604   2 1 2 1 1 0 0 2 1 7
605   2 1 0 1 1 2 0 2 1 7
606   2 2 1 1 1 2 2 1 0 8
607   2 1 1 1 1 0 0 2 2 7
608   1 1 2 2 1 1 2 2 0 8
609   1 0 1 2 1 2 2 1 0 7
610   1 2 1 2 1 2 2 1 0 8
611   1 0 1 2 2 0 0 1 2 6
612   1 1 1 2 2 0 0 1 2 7
613   1 1 2 0 2 1 1 2 0 7
614   2 1 1 1 2 2 2 1 0 8
615   1 2 1 1 2 2 2 1 0 8
616   1 1 2 1 2 1 2 2 0 8
617   1 0 1 2 1 2 0 2 0 6
618   1 1 1 2 1 2 0 2 0 7
619   1 0 1 0 0 2 1 2 0 5
620   2 1 1 0 0 2 1 2 0 6
621   1 2 1 0 0 2 1 2 0 6
622   1 0 1 1 0 2 2 2 0 6
623   2 1 1 1 0 2 1 2 0 7
624   1 1 1 2 0 2 1 2 0 7
625   1 1 1 1 0 2 2 2 0 7
626   2 1 1 0 1 2 1 2 0 7
627   1 2 1 0 1 2 1 2 0 7
628   1 0 1 2 1 0 0 2 2 6
629   1 0 1 1 1 2 2 2 0 7
630   1 1 1 2 1 0 0 2 2 7
631   2 1 1 1 1 2 2 2 0 8
632   1 2 1 1 1 2 2 2 0 8
633   1 0 1 0 2 2 1 2 0 6
634   1 1 1 0 2 2 1 2 0 7
635   2 1 1 1 2 2 1 2 0 8
636   1 1 2 1 1 2 2 2 0 8
637   1 0 1 0 0 2 1 0 2 5
638   1 0 1 0 0 0 2 0 2 4
639   1 0 1 0 0 0 2 1 2 5
640   1 0 1 1 0 0 2 0 2 5
641   1 0 1 1 0 0 2 2 2 6
642   1 0 1 0 0 2 1 2 2 6
643   1 2 1 0 0 0 1 0 2 5
644   1 0 1 2 0 0 2 1 2 6
645   1 2 1 0 0 2 1 0 2 6
646   1 0 1 0 1 0 2 0 2 5
647   1 0 1 0 1 0 2 2 2 6
648   1 0 1 0 1 2 1 2 2 7
649   1 0 1 2 1 0 2 0 2 6
650   1 0 1 2 1 0 2 1 2 7
651   1 2 1 0 1 2 1 0 2 7
652   1 0 1 0 2 0 1 0 2 5
653   1 0 1 0 2 2 1 0 2 6
654   1 0 1 0 2 0 2 1 2 6
655   1 0 1 1 2 0 2 2 1 7
656   1 0 1 1 2 0 2 0 2 6
657   1 1 2 0 2 1 1 0 2 7
658   1 1 1 0 2 2 1 0 2 7
659   1 2 1 2 2 0 1 0 1 7
660   1 2 1 0 2 0 1 0 2 6
661   1 2 1 1 2 0 2 0 1 7
662   1 1 1 0 0 2 1 2 2 7
663   1 0 1 1 0 2 2 0 2 6
664   1 1 2 0 0 1 1 2 2 7
665   1 0 1 2 0 1 1 2 2 7
666   1 0 1 1 1 2 2 0 2 7
667   1 0 1 1 1 2 2 2 2 8
668   1 0 1 1 2 1 2 0 2 7
669   1 0 1 1 2 1 2 2 2 8
670   1 1 1 0 2 0 1 2 2 7
671   1 0 1 2 2 1 1 0 2 7
672   1 1 2 0 2 1 1 2 2 8
673   1 0 1 2 2 1 1 2 2 8
674   1 2 1 0 0 0 1 2 2 6
675   1 2 1 1 0 0 2 2 1 7
676   1 2 1 2 0 2 1 0 1 7
677   1 2 1 0 1 0 1 2 2 7
678   1 0 1 2 1 2 2 1 2 8
679   1 2 1 1 2 0 2 2 1 8
680   1 2 1 2 2 2 1 0 1 8
681   2 0 1 0 0 0 1 0 2 4
682   2 1 1 0 0 0 1 0 2 5
683   2 1 2 1 0 0 2 0 1 6
684   1 1 2 2 0 0 2 0 1 6
685   2 0 1 0 1 0 1 0 2 5
686   2 0 1 1 1 0 2 0 2 6
687   2 1 2 1 1 0 2 0 1 7
688   1 1 2 2 1 0 2 0 1 7
689   2 1 1 0 2 0 1 0 2 6
690   1 1 1 0 0 0 2 0 2 5
691   2 1 1 1 0 0 2 0 2 6
692   2 1 1 2 0 0 1 0 2 6
693   1 1 1 2 0 0 2 1 2 7
694   1 1 2 0 0 0 2 1 2 6
695   2 1 1 1 0 0 2 1 2 7
696   2 2 1 1 0 1 1 0 2 7
697   1 1 1 2 0 0 1 2 2 7
698   2 1 1 0 0 0 1 2 2 6
699   2 1 1 1 0 2 1 0 2 7
700   1 1 1 2 1 0 2 0 2 7
701   1 1 2 0 1 0 2 0 2 6
702   2 1 1 1 1 0 2 0 2 7
703   2 1 1 2 1 0 1 0 2 7
704   1 1 2 0 1 0 2 1 2 7
705   2 1 1 0 1 0 1 2 2 7
706   2 1 1 1 1 0 2 2 2 8
707   1 1 1 1 2 0 2 0 2 7
708   1 1 1 2 2 0 1 0 2 7
709   1 1 1 0 2 0 2 1 2 7
710   2 1 1 1 2 0 2 1 2 8
711   2 2 1 1 2 1 1 0 2 8
712   2 1 1 1 2 2 1 0 2 8
713   1 2 1 1 0 0 2 0 2 6
714   1 2 1 2 0 0 1 0 2 6
715   1 2 1 0 0 0 2 1 2 6
716   1 1 2 2 0 1 1 0 2 7
717   1 2 1 2 0 1 1 0 2 7
718   1 1 2 1 0 2 2 0 1 7
719   1 1 1 2 0 2 1 0 2 7
720   1 2 1 0 1 0 2 0 2 6
721   1 2 1 1 1 0 2 0 2 7
722   1 2 1 2 1 0 1 0 2 7
723   1 2 1 0 1 0 2 1 2 7
724   1 2 1 2 1 0 2 1 2 8
725   2 1 2 2 1 1 1 0 2 8
726   1 2 1 1 1 0 2 2 2 8
727   1 1 2 2 2 1 1 0 2 8
728   1 2 1 2 2 1 1 0 2 8
729   1 1 2 1 2 2 2 0 1 8
730   1 1 1 1 0 2 2 0 2 7
731   1 1 1 1 2 2 1 2 2 9
732   1 1 1 1 2 2 2 1 2 9
733   1 1 1 2 2 1 1 2 2 9
734   1 1 1 2 1 2 1 2 2 9
735   1 1 1 2 1 2 2 1 2 9
736   1 1 2 1 0 0 2 0 2 6
737   1 1 2 1 0 1 2 0 2 7
738   1 1 2 1 0 1 2 2 2 8
739   1 1 2 1 0 2 2 2 1 8
740   1 1 2 1 1 0 2 0 2 7
741   1 1 2 1 1 2 2 0 2 8
742   1 1 2 1 1 2 2 2 1 9
743   1 1 2 1 2 1 2 0 2 8
744   1 2 1 1 0 1 2 0 2 7
745   1 2 1 1 0 2 2 1 2 8
746   2 1 1 1 0 2 2 1 2 8
747   2 1 1 1 0 2 1 2 2 8
748   1 2 1 1 0 1 2 2 2 8
749   1 2 1 2 0 1 1 2 2 8
750   2 2 1 1 0 1 1 2 2 8
751   1 2 1 1 1 2 2 0 2 8
752   1 2 1 1 1 2 2 1 2 9
753   2 1 1 1 1 2 2 0 2 8
754   2 1 1 1 1 2 2 1 2 9
755   2 1 1 1 1 2 1 2 2 9
756   1 2 1 2 1 1 1 2 2 9
757   2 2 1 1 1 1 1 2 2 9
758   1 2 1 1 2 1 2 0 2 8
759   1 2 1 1 2 1 2 1 2 9
760   2 1 1 1 2 2 1 2 1 9
761   1 2 1 2 0 2 1 2 1 8
762   1 2 1 2 1 2 1 2 1 9
763   2 1 2 1 0 1 2 1 2 8
764   2 1 2 1 1 1 2 1 2 9
